image: local.pgm
resolution: 0.100000
origin: [-11.900000, -5.200000, 0.000000]
negate: 0
occupied_thresh: 0.65
free_thresh: 0.196

